0.032772427572423275
0.015651548451544227
0.024748051948057136
0.09862777222777043
0.07424575424575441
0.02289950049950497
0.012080319680314226
0.03790089910089401
0.11222297702297246
0.10146493506493659
0.1873515747368851
0.1373379709111764
0.01958942188691419
0.11259381194246264
0.1329522519579033
0.025243615409748656
0.09151098305957242
0.005428274967581574
0.019069854753912586
0.06965459351887766
0.04975410271590153
0.009715207387024851
0.0152339699802469
0.1199845871413575
0.031908547718664707
0.059199804976098565
0.03681147456978314
0.0037363097695966587
0.025468458365873987
0.04651132879936154
0.07784506097986617
0.09088419905581933
0.013651338035427644
0.045739004189364246
0.040541373616691814
0.07742217866385924
0.02431084149222859
0.011157442001856015
0.10804582709028165
0.035337622134138436
0.024044448766958933
0.023315503951358372
0.06197560105835131
0.13280243191413907
0.04878462746976019
0.09268192348647566
0.05197340455510202
0.010987432949042232
0.0004957074920012418
0.08931302315954776
0.020247091722368046
0.0398609831118046
0.005426540865184776
0.030125735477571018
0.003986230766002525
0.0713303486420217
0.019245919269619827
0.010581850335631136
0.09450885487254669
0.09065800108183548
0.10256007494163645
0.05097609621281429
0.002913165868285484
0.07289078853446675
0.09143009013296942
0.05710291397184932
0.06689842845519646
0.05179581731145978
0.059175623335075596
0.04094941738865532
0.022877767649404857
0.01863477969360154
0.05269407433084482
0.06088454766825707
0.01110269571655661
0.026908602412836113
0.011394695870625417
0.05695968308176621
0.06822406130662442
0.01940420398829366
0.021436754760611854
0.09328613172767636
0.048682216376761143
0.05978662448610617
0.008227025434421553
0.024699858302306425
0.0018118044796493406
0.014659790936592181
0.016815760779326325
0.012671786427237335
0.030917672677376724
0.040605891447393405
0.13677388282586206
0.059924060461653016
0.07097892233195889
0.04950675881602133
0.02287652777301722
0.04748608580901692
0.01131216680116373
0.042798006661499105
