0.042075999999997296
0.09698359999999866
0.033725600000002486
0.034950800000001433
0.006089999999994688
0.14051600000000236
0.057873600000004896
0.06779759999999442
0.02281120000000101
0.06490680000000566
0.015516150495055302
0.021318906930688476
0.03966074851485624
0.05732576237623476
0.01791489900990002
0.0037364277227794392
0.06408563564356594
0.0620118257425677
0.10876917227722893
0.05411795247524819
0.04885573532337911
0.020867068656712694
0.08638254527362534
0.012504979104483593
0.05659620895523078
0.08464645373134581
0.0729868059701475
0.04638686567163836
0.004387410945274672
0.07859839203979459
0.0364776212624599
0.010354370764124848
0.0031593873754199404
0.020909383388694865
0.01982038139535402
0.008929732890371883
0.1034876053156161
0.05616540332225019
0.01729583388704581
0.05354273754152303
0.04203094962593563
0.014704905735663234
0.016811390523697154
0.04236487980049157
0.05951202892767441
0.12161374364090048
0.1213696807979994
0.0494132309226973
0.02406664339152276
0.0004109815461415927
0.07912523353293663
0.004369550498998064
0.012117877045909813
0.02918518163673226
0.020818865469061098
0.10363773013972362
0.04578062754491309
0.04148017964071404
0.026647746107787796
0.053193124950103116
0.06472980765391066
0.05189402662229239
0.013444628286196348
0.03779210915140879
0.07523632545757128
0.05384559400998344
0.12402989018302467
0.04192769317804431
0.08730250715474504
0.0017067108152995195
0.12534992810270315
0.09004776490727352
0.026091838516404564
0.013238280741800123
0.07936319714693085
0.02879340770327554
0.006296293865909239
0.045529568045647194
0.07509097004279072
0.019821844222545546
0.023220218227218172
0.060896541822725525
0.0020342102371965452
0.010946611235948388
0.0654848639201024
0.0053136719101092335
0.02404646441948248
0.015488636204737416
0.01229640199750785
0.03782715006241954
0.02733252297446791
0.1199631542730358
0.04329331009988554
0.06256693673695332
0.005748462597113392
0.0880366539400687
0.0755675152053211
0.010613104106548792
0.010396001775804329
0.0737884754716981
