250500.0
250500.0
250500.0
250500.0
250500.0
250500.0
250500.0
250500.0
250500.0
250500.0
2550300500.0
2550300500.0
2550300500.0
2550300500.0
2550300500.0
2550300500.0
2550300500.0
2550300500.0
2550300500.0
2550300500.0
10100350500.0
10100350500.0
10100350500.0
10100350500.0
10100350500.0
10100350500.0
10100350500.0
10100350500.0
10100350500.0
10100350500.0
22650400500.0
22650400500.0
22650400500.0
22650400500.0
22650400500.0
22650400500.0
22650400500.0
22650400500.0
22650400500.0
22650400500.0
40200450500.0
40200450500.0
40200450500.0
40200450500.0
40200450500.0
40200450500.0
40200450500.0
40200450500.0
40200450500.0
40200450500.0
62750500500.0
62750500500.0
62750500500.0
62750500500.0
62750500500.0
62750500500.0
62750500500.0
62750500500.0
62750500500.0
62750500500.0
90300550500.0
90300550500.0
90300550500.0
90300550500.0
90300550500.0
90300550500.0
90300550500.0
90300550500.0
90300550500.0
90300550500.0
122850600500.0
122850600500.0
122850600500.0
122850600500.0
122850600500.0
122850600500.0
122850600500.0
122850600500.0
122850600500.0
122850600500.0
160400650500.0
160400650500.0
160400650500.0
160400650500.0
160400650500.0
160400650500.0
160400650500.0
160400650500.0
160400650500.0
160400650500.0
202950700500.0
202950700500.0
202950700500.0
202950700500.0
202950700500.0
202950700500.0
202950700500.0
202950700500.0
202950700500.0
202950700500.0
