1000
1000
1000
1000
1000
1000
1000
1000
1000
1000
101000
101000
101000
101000
101000
101000
101000
101000
101000
101000
201000
201000
201000
201000
201000
201000
201000
201000
201000
201000
301000
301000
301000
301000
301000
301000
301000
301000
301000
301000
401000
401000
401000
401000
401000
401000
401000
401000
401000
401000
501000
501000
501000
501000
501000
501000
501000
501000
501000
501000
601000
601000
601000
601000
601000
601000
601000
601000
601000
601000
701000
701000
701000
701000
701000
701000
701000
701000
701000
701000
801000
801000
801000
801000
801000
801000
801000
801000
801000
801000
901000
901000
901000
901000
901000
901000
901000
901000
901000
901000
