144.62595433277758
144.62595433277758
144.62595433277758
144.62595433277758
144.62595433277758
144.62595433277758
144.62595433277758
144.62595433277758
144.62595433277758
144.62595433277758
14578.382969314533
14578.382969314533
14578.382969314533
14578.382969314533
14578.382969314533
14578.382969314533
14578.382969314533
14578.382969314533
14578.382969314533
14578.382969314533
29012.13970047711
29012.13970047711
29012.13970047711
29012.13970047711
29012.13970047711
29012.13970047711
29012.13970047711
29012.13970047711
29012.13970047711
29012.13970047711
43445.896430694884
43445.896430694884
43445.896430694884
43445.896430694884
43445.896430694884
43445.896430694884
43445.896430694884
43445.896430694884
43445.896430694884
43445.896430694884
57879.653160674694
57879.653160674694
57879.653160674694
57879.653160674694
57879.653160674694
57879.653160674694
57879.653160674694
57879.653160674694
57879.653160674694
57879.653160674694
72313.40989055902
72313.40989055902
72313.40989055902
72313.40989055902
72313.40989055902
72313.40989055902
72313.40989055902
72313.40989055902
72313.40989055902
72313.40989055902
86747.16662039554
86747.16662039554
86747.16662039554
86747.16662039554
86747.16662039554
86747.16662039554
86747.16662039554
86747.16662039554
86747.16662039554
86747.16662039554
101180.92335020471
101180.92335020471
101180.92335020471
101180.92335020471
101180.92335020471
101180.92335020471
101180.92335020471
101180.92335020471
101180.92335020471
101180.92335020471
115614.68007986751
115614.68007986751
115614.68007986751
115614.68007986751
115614.68007986751
115614.68007986751
115614.68007986751
115614.68007986751
115614.68007986751
115614.68007986751
130048.43680936111
130048.43680936111
130048.43680936111
130048.43680936111
130048.43680936111
130048.43680936111
130048.43680936111
130048.43680936111
130048.43680936111
130048.43680936111
